0.032861837405 0.014764013907 0.013478115921 0.010477687289
0.005191217793 0.009715673668 0.013382864219 0.003048054484
0.030671048245 0.016954803067 0.019288469781 0.010191932181
0.033671476878 0.013954374434 0.018145449350 0.047625851312
0.007858265466 0.003381435443 0.006048483117 0.006381864076
0.014144877840 0.022574653522 0.005905605563 0.005000714388
0.031718816974 0.015907034338 0.028194503977 0.019431347335
0.004905462685 0.005524598752 0.001952659904 0.002619421822
0.020098109254 0.018050197647 0.009477544411 0.047625851312
0.012858979854 0.007810639615 0.022336524265 0.004619707577
0.029670905367 0.017954945945 0.032195075487 0.015430775825
0.010953945802 0.005286469496 0.022955660332 0.009620421965
0.016669047959 0.007858265466 0.013287612516 0.009763299519
0.016288041149 0.008286898128 0.019336095633 0.003714816402
0.030337667286 0.017288184026 0.033719102729 0.013906748583
0.014097251988 0.006381864076 0.020431490213 0.006715245035
